a.toy: 1,0.3010299956639812 2,0.12493873660829993
b.toy: 2,0.12493873660829993 3,0.6020599913279624
c.toy: 2,0.12493873660829993
d.toy: 1,0.3010299956639812
